[
{
"init_weights": [
8.3,
0.3
],
"results": [
[
[
0.48256172147673787,
0.3020734147276889
],
2
],
[
[
0.4975079510062464,
0.2918581236697875
],
2
],
[
[
0.49224811430866555,
0.29131463594964413
],
2
],
[
[
0.49489414694272427,
0.29523095399923477
],
2
],
[
[
0.4860445923047969,
0.29674734040887735
],
2
],
[
[
0.48676541911937765,
0.2983281013819044
],
2
],
[
[
0.49163618596602754,
0.28945492619818936
],
2
],
[
[
0.4923233554878611,
0.2935431560204029
],
2
],
[
[
0.4952846855967297,
0.29534733360849286
],
2
],
[
[
0.4960789134984226,
0.2964410550860937
],
2
],
[
[
0.4942606000202697,
0.2969944673376754
],
2
],
[
[
0.4949549259172964,
0.2970901038599619
],
2
],
[
[
0.4939160078400617,
0.29310937537040005
],
2
],
[
[
0.4905195110302304,
0.2938892855541087
],
2
],
[
[
0.4939758203683792,
0.30015960869927
],
2
]
]
},
{
"init_weights": [
8.5,
0.3
],
"results": [
[
[
0.4825617214767233,
0.302073414727338
],
2
],
[
[
0.49750795100577333,
0.2918581236703488
],
2
],
[
[
0.4922481143081525,
0.2913146359498001
],
2
],
[
[
0.4948941469428994,
0.295230953999288
],
2
],
[
[
0.48604459230490743,
0.2967473404088426
],
2
],
[
[
0.48676541911891136,
0.298328101381708
],
2
],
[
[
0.4916361859655459,
0.28945492619863933
],
2
],
[
[
0.49232335548771017,
0.29354315602066045
],
2
],
[
[
0.49528468559669664,
0.29534733360820453
],
2
],
[
[
0.49607891349758954,
0.2964410550857259
],
2
],
[
[
0.494260600020172,
0.29699446733746426
],
2
],
[
[
0.4949549259175362,
0.29709010386011686
],
2
],
[
[
0.49391600783975814,
0.29310937537055204
],
2
],
[
[
0.49051951103011,
0.2938892855540119
],
2
],
[
[
0.4939758203683854,
0.3001596086989931
],
2
]
]
},
{
"init_weights": [
8.7,
0.3
],
"results": [
[
[
0.4825617214764642,
0.302073414727344
],
2
],
[
[
0.49750795100594136,
0.29185812366954783
],
2
],
[
[
0.49224811430857807,
0.2913146359501374
],
2
],
[
[
0.49489414694236283,
0.2952309539993768
],
2
],
[
[
0.48604459230520164,
0.296747340409041
],
2
],
[
[
0.48676541911937493,
0.2983281013815009
],
2
],
[
[
0.49163618596657094,
0.2894549261983268
],
2
],
[
[
0.49232335548816314,
0.2935431560204428
],
2
],
[
[
0.49528468559746536,
0.29534733360816806
],
2
],
[
[
0.4960789134975163,
0.2964410550852771
],
2
],
[
[
0.4942606000206788,
0.2969944673380479
],
2
],
[
[
0.4949549259167877,
0.2970901038602779
],
2
],
[
[
0.49391600783947776,
0.29310937537010967
],
2
],
[
[
0.4905195110300952,
0.29388928555417215
],
2
],
[
[
0.49397582036850524,
0.30015960869955244
],
2
]
]
},
{
"init_weights": [
8.900000000000002,
0.3
],
"results": [
[
[
0.4825617214768871,
0.30207341472730187
],
2
],
[
[
0.4975079510053241,
0.2918581236699867
],
2
],
[
[
0.4922481143081026,
0.2913146359501512
],
2
],
[
[
0.494894146942909,
0.29523095399920957
],
2
],
[
[
0.4860445923047963,
0.29674734040864104
],
2
],
[
[
0.48676541911935334,
0.29832810138150834
],
2
],
[
[
0.4916361859661339,
0.28945492619841373
],
2
],
[
[
0.4923233554876833,
0.2935431560202757
],
2
],
[
[
0.4952846855965256,
0.2953473336084768
],
2
],
[
[
0.49607891349789157,
0.29644105508611857
],
2
],
[
[
0.49426060002055977,
0.2969944673374428
],
2
],
[
[
0.49495492591782514,
0.2970901038597893
],
2
],
[
[
0.4939160078396928,
0.2931093753706482
],
2
],
[
[
0.49051951103047126,
0.293889285554434
],
2
],
[
[
0.49397582036836934,
0.3001596086993333
],
2
]
]
},
{
"init_weights": [
9.100000000000001,
0.3
],
"results": [
[
[
0.48256172147664805,
0.3020734147273599
],
2
],
[
[
0.49750795100635986,
0.29185812366970354
],
2
],
[
[
0.4922481143081702,
0.2913146359497816
],
2
],
[
[
0.49489414694305184,
0.29523095399922505
],
2
],
[
[
0.4860445923050894,
0.29674734040914164
],
2
],
[
[
0.48676541911949084,
0.29832810138170257
],
2
],
[
[
0.4916361859665321,
0.28945492619876506
],
2
],
[
[
0.4923233554877706,
0.2935431560200792
],
2
],
[
[
0.4952846855968087,
0.29534733360850807
],
2
],
[
[
0.4960789134977967,
0.2964410550852539
],
2
],
[
[
0.49426060002017924,
0.2969944673372327
],
2
],
[
[
0.49495492591685963,
0.29709010385974166
],
2
],
[
[
0.4939160078398162,
0.2931093753706675
],
2
],
[
[
0.49051951102963615,
0.293889285554557
],
2
],
[
[
0.4939758203682707,
0.30015960869940655
],
2
]
]
},
{
"init_weights": [
9.3,
0.3
],
"results": [
[
[
0.48256172147669313,
0.30207341472791743
],
2
],
[
[
0.49750795100582634,
0.29185812367005465
],
2
],
[
[
0.49224811430831616,
0.2913146359503575
],
2
],
[
[
0.4948941469429704,
0.2952309539995909
],
2
],
[
[
0.48604459230458635,
0.2967473404087418
],
2
],
[
[
0.4867654191192228,
0.2983281013818111
],
2
],
[
[
0.4916361859668381,
0.289454926198857
],
2
],
[
[
0.49232335548723927,
0.29354315602022235
],
2
],
[
[
0.4952846855972859,
0.29534733360843357
],
2
],
[
[
0.49607891349828626,
0.29644105508607793
],
2
],
[
[
0.4942606000202111,
0.29699446733722684
],
2
],
[
[
0.4949549259180079,
0.2970901038599394
],
2
],
[
[
0.49391600784007783,
0.29310937537049875
],
2
],
[
[
0.4905195110300939,
0.29388928555414606
],
2
],
[
[
0.4939758203682859,
0.300159608699898
],
2
]
]
},
{
"init_weights": [
9.5,
0.3
],
"results": [
[
[
0.4825617214761062,
0.3020734147276265
],
2
],
[
[
0.49750795100570255,
0.29185812367019537
],
2
],
[
[
0.49224811430816356,
0.29131463595027135
],
2
],
[
[
0.4948941469429677,
0.2952309539992917
],
2
],
[
[
0.48604459230505465,
0.29674734040876377
],
2
],
[
[
0.48676541911948357,
0.2983281013816045
],
2
],
[
[
0.4916361859666352,
0.2894549261983002
],
2
],
[
[
0.4923233554879119,
0.2935431560202393
],
2
],
[
[
0.4952846855967588,
0.29534733360858534
],
2
],
[
[
0.4960789134974358,
0.2964410550861439
],
2
],
[
[
0.49426060002072447,
0.29699446733809176
],
2
],
[
[
0.4949549259173187,
0.2970901038600701
],
2
],
[
[
0.4939160078400818,
0.2931093753708066
],
2
],
[
[
0.49051951103040764,
0.2938892855540453
],
2
],
[
[
0.49397582036835996,
0.3001596086994436
],
2
]
]
},
{
"init_weights": [
9.700000000000003,
0.3
],
"results": [
[
[
0.48256172147661097,
0.30207341472771776
],
2
],
[
[
0.49750795100540485,
0.29185812367014435
],
2
],
[
[
0.49224811430878584,
0.2913146359504448
],
2
],
[
[
0.4948941469430707,
0.29523095399907645
],
2
],
[
[
0.4860445923049906,
0.29674734040898965
],
2
],
[
[
0.4867654191189187,
0.29832810138171245
],
2
],
[
[
0.4916361859659589,
0.2894549261985298
],
2
],
[
[
0.49232335548795625,
0.2935431560201185
],
2
],
[
[
0.4952846855968599,
0.29534733360866605
],
2
],
[
[
0.4960789134981747,
0.2964410550859831
],
2
],
[
[
0.49426060002053035,
0.2969944673378955
],
2
],
[
[
0.4949549259177493,
0.2970901038597523
],
2
],
[
[
0.49391600783942147,
0.2931093753706698
],
2
],
[
[
0.4905195110301119,
0.29388928555426586
],
2
],
[
[
0.49397582036869647,
0.30015960869987096
],
2
]
]
},
{
"init_weights": [
9.900000000000002,
0.3
],
"results": [
[
[
0.48256172147571935,
0.30207341472787536
],
2
],
[
[
0.49750795100547573,
0.2918581236698489
],
2
],
[
[
0.4922481143081589,
0.2913146359500508
],
2
],
[
[
0.49489414694338657,
0.2952309539993172
],
2
],
[
[
0.4860445923052224,
0.2967473404084378
],
2
],
[
[
0.4867654191190385,
0.29832810138098687
],
2
],
[
[
0.49163618596633646,
0.2894549261983428
],
2
],
[
[
0.49232335548796125,
0.29354315602017916
],
2
],
[
[
0.4952846855970999,
0.2953473336090807
],
2
],
[
[
0.496078913497821,
0.296441055085675
],
2
],
[
[
0.4942606000204105,
0.29699446733800683
],
2
],
[
[
0.49495492591771106,
0.2970901038600499
],
2
],
[
[
0.4939160078392004,
0.2931093753705118
],
2
],
[
[
0.49051951103022745,
0.2938892855541286
],
2
],
[
[
0.4939758203681895,
0.3001596086995855
],
2
]
]
},
{
"init_weights": [
10.100000000000001,
0.3
],
"results": [
[
[
0.48256172147620374,
0.30207341472721344
],
2
],
[
[
0.4975079510058738,
0.29185812367018144
],
2
],
[
[
0.49224811430823634,
0.29131463595004325
],
2
],
[
[
0.49489414694308703,
0.29523095399967436
],
2
],
[
[
0.4860445923050619,
0.2967473404092414
],
2
],
[
[
0.48676541911942844,
0.29832810138167
],
2
],
[
[
0.4916361859662795,
0.28945492619856583
],
2
],
[
[
0.4923233554878254,
0.2935431560202132
],
2
],
[
[
0.49528468559744454,
0.2953473336082724
],
2
],
[
[
0.49607891349757566,
0.29644105508546564
],
2
],
[
[
0.4942606000203221,
0.2969944673378195
],
2
],
[
[
0.49495492591757545,
0.29709010386023066
],
2
],
[
[
0.49391600783930645,
0.2931093753702745
],
2
],
[
[
0.49051951103044816,
0.2938892855540574
],
2
],
[
[
0.49397582036847537,
0.3001596086995159
],
2
]
]
},
{
"init_weights": [
10.3,
0.3
],
"results": [
[
[
0.48256172147659443,
0.3020734147273737
],
2
],
[
[
0.4975079510060091,
0.29185812367005237
],
2
],
[
[
0.49224811430792753,
0.29131463595011253
],
2
],
[
[
0.4948941469430986,
0.295230953999713
],
2
],
[
[
0.48604459230551855,
0.2967473404088256
],
2
],
[
[
0.486765419118433,
0.29832810138136573
],
2
],
[
[
0.49163618596593434,
0.2894549261982438
],
2
],
[
[
0.49232335548782064,
0.2935431560205686
],
2
],
[
[
0.4952846855971328,
0.2953473336081088
],
2
],
[
[
0.49607891349718125,
0.29644105508609975
],
2
],
[
[
0.49426060001983235,
0.29699446733744056
],
2
],
[
[
0.49495492591752865,
0.29709010385974227
],
2
],
[
[
0.49391600783927087,
0.2931093753700967
],
2
],
[
[
0.4905195110306675,
0.2938892855540613
],
2
],
[
[
0.49397582036824866,
0.3001596086993724
],
2
]
]
},
{
"init_weights": [
10.5,
0.3
],
"results": [
[
[
0.4825617214768205,
0.302073414727457
],
2
],
[
[
0.4975079510059394,
0.2918581236698464
],
2
],
[
[
0.49224811430798837,
0.29131463594994406
],
2
],
[
[
0.49489414694329886,
0.29523095399887733
],
2
],
[
[
0.4860445923049674,
0.29674734040891365
],
2
],
[
[
0.4867654191191895,
0.298328101381566
],
2
],
[
[
0.4916361859664553,
0.2894549261982271
],
2
],
[
[
0.49232335548787065,
0.2935431560206935
],
2
],
[
[
0.49528468559689875,
0.2953473336080854
],
2
],
[
[
0.4960789134978584,
0.29644105508616386
],
2
],
[
[
0.4942606000203207,
0.2969944673383102
],
2
],
[
[
0.49495492591728696,
0.29709010385991025
],
2
],
[
[
0.49391600783955136,
0.2931093753707366
],
2
],
[
[
0.49051951103007857,
0.2938892855544261
],
2
],
[
[
0.493975820368605,
0.3001596086997604
],
2
]
]
}
]